id,reference_len,query_len,regions,contigs,matches,mismatches,deletions,query_coverage,identity
CAD5122090.1,610,82,4,32,67,15,528,13.44,81.71
CAD5117994.1,1324,440,36,71,423,17,884,33.23,96.14
CAD5112882.1,357,84,12,22,71,13,273,23.53,84.52
CAD5124443.1,517,119,23,53,107,12,398,23.02,89.92
CAD5118618.1,607,572,1,58,572,0,35,94.23,100.0
CAD5116769.1,561,503,1,51,503,0,58,89.66,100.0
CAD5115763.1,514,235,2,13,232,3,279,45.72,98.72
CAD5118331.1,1082,166,9,20,156,10,916,15.34,93.98
CAD5113512.1,572,264,6,14,250,14,308,46.15,94.7
CAD5110867.1,239,56,2,5,56,0,183,23.43,100.0
CAD5118638.1,608,76,16,34,54,22,532,12.5,71.05
CAD5119088.1,418,115,8,9,111,4,303,27.51,96.52
CAD5124314.1,267,267,1,11,267,0,0,100.0,100.0
CAD5119217.1,709,161,11,19,144,17,548,22.71,89.44
CAD5123512.1,691,322,11,27,294,28,369,46.6,91.3
CAD5115413.1,155,61,2,3,61,0,94,39.35,100.0
CAD5126023.1,617,71,32,44,61,10,546,11.51,85.92
CAD5116696.1,578,39,30,47,35,4,539,6.75,89.74
CAD5111927.1,2178,132,10,11,111,21,2046,6.06,84.09
CAD5111687.1,254,201,5,9,195,6,53,79.13,97.01
CAD5113289.1,393,226,3,8,226,0,167,57.51,100.0
CAD5110778.1,741,48,18,36,37,11,693,6.48,77.08
CAD5113352.1,1215,642,1,1,642,0,573,52.84,100.0
CAD5115329.1,434,434,1,1,434,0,0,100.0,100.0
CAD5113361.1,858,470,1,1,470,0,388,54.78,100.0
CAD5115357.1,928,122,3,5,107,15,806,13.15,87.7
CAD5113354.1,230,230,1,1,230,0,0,100.0,100.0
CAD5115303.1,193,193,1,1,193,0,0,100.0,100.0
CAD5115293.1,428,162,1,3,162,0,266,37.85,100.0
CAD5115296.1,150,99,1,1,99,0,51,66.0,100.0
CAD5115333.1,96,41,1,1,41,0,55,42.71,100.0
CAD5111127.1,1475,391,35,134,365,26,1084,26.51,93.35
CAD5121573.1,331,49,7,12,49,0,282,14.8,100.0
CAD5113122.1,593,316,1,1,316,0,277,53.29,100.0
CAD5118544.1,388,184,5,4,173,11,204,47.42,94.02
CAD5118556.1,289,39,1,1,38,1,250,13.49,97.44
CAD5118557.1,168,78,1,1,78,0,90,46.43,100.0
CAD5116204.1,295,135,24,96,116,19,160,45.76,85.93
CAD5123538.1,427,261,1,2,260,1,166,61.12,99.62
CAD5115369.1,406,208,7,14,204,4,198,51.23,98.08
CAD5115952.1,1032,325,3,5,320,5,707,31.49,98.46
CAD5117352.1,164,116,7,19,115,1,48,70.73,99.14
CAD5114916.1,1299,197,3,21,196,1,1102,15.17,99.49
CAD5117169.1,471,51,2,2,47,4,420,10.83,92.16
CAD5116920.1,1570,218,6,4,213,5,1352,13.89,97.71
CAD5112608.1,226,133,8,16,128,5,93,58.85,96.24
CAD5112146.1,1456,750,1,8,746,4,706,51.51,99.47
CAD5120515.1,1641,293,4,11,282,11,1348,17.85,96.25
CAD5117485.1,653,206,1,1,206,0,447,31.55,100.0
CAD5117517.1,429,280,1,1,276,4,149,65.27,98.57
CAD5117514.1,207,172,1,1,172,0,35,83.09,100.0
CAD5117502.1,136,120,1,1,120,0,16,88.24,100.0
CAD5115283.1,1003,465,3,12,457,8,538,46.36,98.28
CAD5118850.1,667,591,1,1,591,0,76,88.61,100.0
CAD5118829.1,664,390,1,1,390,0,274,58.73,100.0
CAD5110940.1,1120,163,3,3,136,27,957,14.55,83.44
CAD5118842.1,209,163,1,1,161,2,46,77.99,98.77
CAD5112523.1,340,72,2,3,68,4,268,21.18,94.44
CAD5118201.1,705,178,1,1,178,0,527,25.25,100.0
CAD5118192.1,227,227,1,1,227,0,0,100.0,100.0
CAD5118187.1,464,244,1,1,244,0,220,52.59,100.0
CAD5118147.1,543,59,2,3,54,5,484,10.87,91.53
CAD5118182.1,184,156,1,1,156,0,28,84.78,100.0
CAD5125590.1,715,106,4,12,104,2,609,14.83,98.11
CAD5118167.1,146,75,1,1,75,0,71,51.37,100.0
CAD5111901.1,202,142,1,7,141,1,60,70.3,99.3
CAD5122779.1,592,476,4,11,466,10,116,80.41,97.9
CAD5123015.1,680,407,2,4,405,2,273,59.85,99.51
CAD5111020.1,272,108,3,2,108,0,164,39.71,100.0
CAD5123541.1,443,184,4,5,180,4,259,41.53,97.83
CAD5115094.1,403,235,5,8,229,6,168,58.31,97.45
CAD5115879.1,784,446,3,5,441,5,338,56.89,98.88
CAD5121489.1,331,219,3,12,218,1,112,66.16,99.54
CAD5112386.1,639,237,8,5,229,8,402,37.09,96.62
CAD5119877.1,1385,76,1,1,74,2,1309,5.49,97.37
CAD5119869.1,598,594,1,1,594,0,4,99.33,100.0
CAD5119868.1,471,362,1,3,362,0,109,76.86,100.0
CAD5119882.1,329,238,1,1,238,0,91,72.34,100.0
CAD5119883.1,220,220,1,1,220,0,0,100.0,100.0
CAD5119884.1,494,157,1,1,157,0,337,31.78,100.0
CAD5110793.1,1014,344,2,50,344,0,670,33.93,100.0
CAD5117860.1,2040,318,3,2,317,1,1722,15.59,99.69
CAD5117902.1,659,210,1,1,210,0,449,31.87,100.0
CAD5117918.1,605,89,1,1,89,0,516,14.71,100.0
CAD5117905.1,259,135,1,1,135,0,124,52.12,100.0
CAD5117916.1,182,140,1,2,140,0,42,76.92,100.0
CAD5117898.1,133,125,1,1,125,0,8,93.98,100.0
CAD5117858.1,207,97,1,1,97,0,110,46.86,100.0
CAD5119322.1,889,350,4,3,348,2,539,39.37,99.43
CAD5119842.1,296,91,4,4,84,7,205,30.74,92.31
CAD5122973.1,374,134,8,12,131,3,240,35.83,97.76
CAD5117185.1,105,37,1,1,37,0,68,35.24,100.0
CAD5122567.1,209,163,1,2,163,0,46,77.99,100.0
CAD5115246.1,282,98,2,2,98,0,184,34.75,100.0
CAD5110866.1,445,445,1,1,445,0,0,100.0,100.0
CAD5110862.1,597,261,1,1,261,0,336,43.72,100.0
CAD5110877.1,299,210,1,1,210,0,89,70.23,100.0
CAD5110881.1,189,168,1,1,167,1,21,88.89,99.4
CAD5110892.1,176,56,1,1,56,0,120,31.82,100.0
CAD5122589.1,805,244,2,3,238,6,561,30.31,97.54
CAD5117973.1,797,687,1,1,687,0,110,86.2,100.0
CAD5117980.1,370,128,1,1,127,1,242,34.59,99.22
CAD5117324.1,1300,391,3,4,382,9,909,30.08,97.7
CAD5111389.1,2320,1035,5,7,1030,5,1285,44.61,99.52
CAD5125243.1,418,252,2,3,248,4,166,60.29,98.41
CAD5122777.1,553,394,1,4,394,0,159,71.25,100.0
CAD5123928.1,418,363,1,1,363,0,55,86.84,100.0
CAD5123900.1,306,86,1,1,86,0,220,28.1,100.0
CAD5117555.1,625,232,1,1,232,0,393,37.12,100.0
CAD5117552.1,246,116,1,1,116,0,130,47.15,100.0
CAD5111133.1,299,193,1,1,193,0,106,64.55,100.0
CAD5111101.1,124,88,1,1,88,0,36,70.97,100.0
CAD5111102.1,200,96,1,1,95,1,104,48.0,98.96
CAD5122375.1,171,171,1,2,171,0,0,100.0,100.0
CAD5122362.1,428,143,1,1,143,0,285,33.41,100.0
CAD5123499.1,525,379,1,1,379,0,146,72.19,100.0
CAD5123526.1,427,289,1,1,289,0,138,67.68,100.0
CAD5123508.1,932,161,1,1,160,1,771,17.27,99.38
CAD5115902.1,468,215,3,3,209,6,253,45.94,97.21
CAD5123513.1,325,153,1,2,153,0,172,47.08,100.0
CAD5113147.1,386,281,1,1,281,0,105,72.8,100.0
CAD5113179.1,435,140,1,1,139,1,295,32.18,99.29
CAD5113176.1,203,149,1,1,147,2,54,73.4,98.66
CAD5113148.1,143,100,1,1,100,0,43,69.93,100.0
CAD5124429.1,515,229,1,2,229,0,286,44.47,100.0
CAD5121956.1,845,220,1,1,220,0,625,26.04,100.0
CAD5121947.1,201,123,1,1,123,0,78,61.19,100.0
CAD5115662.1,560,159,1,1,154,5,401,28.39,96.86
CAD5115988.1,489,388,1,1,388,0,101,79.35,100.0
CAD5115986.1,692,187,1,1,187,0,505,27.02,100.0
CAD5115985.1,284,140,1,1,140,0,144,49.3,100.0
CAD5120263.1,497,242,1,1,242,0,255,48.69,100.0
CAD5120290.1,431,150,1,1,150,0,281,34.8,100.0
CAD5120265.1,384,162,1,1,162,0,222,42.19,100.0
CAD5115179.1,306,101,1,1,98,3,205,33.01,97.03
CAD5122201.1,298,298,1,1,298,0,0,100.0,100.0
CAD5122231.1,403,139,1,1,139,0,264,34.49,100.0
CAD5122212.1,132,132,1,1,132,0,0,100.0,100.0
CAD5122210.1,108,108,1,1,108,0,0,100.0,100.0
CAD5122220.1,125,97,1,1,97,0,28,77.6,100.0
CAD5111249.1,253,175,1,1,175,0,78,69.17,100.0
CAD5125669.1,757,289,2,2,288,1,468,38.18,99.65
CAD5122615.1,140,109,2,2,107,2,31,77.86,98.17
CAD5118451.1,104,55,1,1,55,0,49,52.88,100.0
CAD5125049.1,741,703,1,3,703,0,38,94.87,100.0
CAD5123578.1,482,271,1,1,271,0,211,56.22,100.0
CAD5123565.1,215,81,1,1,81,0,134,37.67,100.0
CAD5113194.1,276,33,3,3,33,0,243,11.96,100.0
CAD5115803.1,2220,580,1,3,578,2,1640,26.13,99.66
CAD5121104.1,569,257,1,1,256,1,312,45.17,99.61
CAD5115817.1,299,246,1,1,245,1,53,82.27,99.59
CAD5111887.1,410,158,26,55,151,7,252,38.54,95.57
CAD5112108.1,246,167,1,1,167,0,79,67.89,100.0
CAD5119377.1,1418,265,3,3,265,0,1153,18.69,100.0
CAD5116386.1,402,281,7,10,279,2,121,69.9,99.29
CAD5116287.1,2578,1027,1,2,1026,1,1551,39.84,99.9
CAD5116289.1,602,301,1,1,301,0,301,50.0,100.0
CAD5116272.1,468,172,1,1,172,0,296,36.75,100.0
CAD5123164.1,218,218,1,12,218,0,0,100.0,100.0
CAD5120522.1,531,47,1,2,47,0,484,8.85,100.0
CAD5116190.1,495,441,1,1,441,0,54,89.09,100.0
CAD5116180.1,825,433,1,1,430,3,392,52.48,99.31
CAD5123950.1,279,245,1,1,245,0,34,87.81,100.0
CAD5121441.1,554,69,7,14,52,17,485,12.45,75.36
CAD5122834.1,505,365,1,2,365,0,140,72.28,100.0
CAD5117672.1,927,534,5,5,530,4,393,57.61,99.25
CAD5110847.1,527,477,1,4,477,0,50,90.51,100.0
CAD5123471.1,360,158,1,1,158,0,202,43.89,100.0
CAD5124287.1,189,179,1,1,179,0,10,94.71,100.0
CAD5124273.1,408,173,1,1,172,1,235,42.4,99.42
CAD5124277.1,333,174,3,2,174,0,159,52.25,100.0
CAD5124302.1,448,103,1,1,101,2,345,22.99,98.06
CAD5124275.1,185,136,1,1,136,0,49,73.51,100.0
CAD5119242.1,364,145,1,4,145,0,219,39.84,100.0
CAD5111179.1,306,264,1,6,263,1,42,86.27,99.62
CAD5111160.1,335,129,1,1,129,0,206,38.51,100.0
CAD5124353.1,1031,646,2,3,641,5,385,62.66,99.23
CAD5124348.1,565,45,1,1,45,0,520,7.96,100.0
CAD5117146.1,264,264,1,4,264,0,0,100.0,100.0
CAD5117128.1,553,48,1,1,48,0,505,8.68,100.0
CAD5117134.1,296,157,1,1,156,1,139,53.04,99.36
CAD5110841.1,762,165,1,1,161,4,597,21.65,97.58
CAD5110843.1,144,144,1,1,144,0,0,100.0,100.0
CAD5119192.1,800,715,1,1,715,0,85,89.38,100.0
CAD5119218.1,183,156,1,1,156,0,27,85.25,100.0
CAD5122833.1,283,74,2,2,74,0,209,26.15,100.0
CAD5119201.1,239,137,3,3,132,5,102,57.32,96.35
CAD5119210.1,108,98,1,1,98,0,10,90.74,100.0
CAD5119189.1,253,74,1,1,74,0,179,29.25,100.0
CAD5119209.1,226,94,1,1,94,0,132,41.59,100.0
CAD5119195.1,216,59,1,1,56,3,157,27.31,94.92
CAD5124404.1,275,214,1,1,214,0,61,77.82,100.0
CAD5124403.1,272,191,1,2,191,0,81,70.22,100.0
CAD5124399.1,181,147,1,1,147,0,34,81.22,100.0
CAD5111627.1,874,176,1,2,176,0,698,20.14,100.0
CAD5111631.1,126,75,1,1,75,0,51,59.52,100.0
CAD5113817.1,218,209,1,1,208,1,9,95.87,99.52
CAD5125911.1,267,267,1,1,267,0,0,100.0,100.0
CAD5125919.1,609,182,1,2,179,3,427,29.89,98.35
CAD5125916.1,174,165,1,1,165,0,9,94.83,100.0
CAD5125917.1,166,166,1,1,166,0,0,100.0,100.0
CAD5125910.1,224,107,1,1,107,0,117,47.77,100.0
CAD5110785.1,214,214,1,1,214,0,0,100.0,100.0
CAD5110767.1,125,121,1,1,121,0,4,96.8,100.0
CAD5110756.1,142,77,1,1,77,0,65,54.23,100.0
CAD5113018.1,175,136,1,1,136,0,39,77.71,100.0
CAD5113009.1,203,165,1,1,164,1,38,81.28,99.39
CAD5113021.1,584,129,2,2,129,0,455,22.09,100.0
CAD5113027.1,216,142,1,1,142,0,74,65.74,100.0
CAD5113034.1,128,120,1,1,120,0,8,93.75,100.0
CAD5122696.1,111,84,1,1,84,0,27,75.68,100.0
CAD5122704.1,149,86,1,1,86,0,63,57.72,100.0
CAD5122511.1,668,147,1,1,145,2,521,22.01,98.64
CAD5122510.1,204,200,1,2,200,0,4,98.04,100.0
CAD5122526.1,436,218,1,4,217,1,218,50.0,99.54
CAD5121722.1,430,105,2,2,105,0,325,24.42,100.0
CAD5115961.1,823,357,1,1,356,1,466,43.38,99.72
CAD5113208.1,130,67,1,1,67,0,63,51.54,100.0
CAD5114301.1,432,131,1,1,131,0,301,30.32,100.0
CAD5114324.1,368,135,5,4,130,5,233,36.68,96.3
CAD5114302.1,191,102,1,1,102,0,89,53.4,100.0
CAD5123755.1,558,97,1,1,97,0,461,17.38,100.0
CAD5123751.1,345,221,1,1,221,0,124,64.06,100.0
CAD5123744.1,596,128,1,1,128,0,468,21.48,100.0
CAD5125688.1,550,215,1,1,215,0,335,39.09,100.0
CAD5125680.1,1186,278,1,1,274,4,908,23.44,98.56
CAD5110934.1,601,258,1,12,258,0,343,42.93,100.0
CAD5125190.1,136,97,1,1,97,0,39,71.32,100.0
CAD5117403.1,583,476,1,2,476,0,107,81.65,100.0
CAD5117421.1,478,253,1,1,252,1,225,52.93,99.6
CAD5117398.1,124,76,1,1,76,0,48,61.29,100.0
CAD5117405.1,130,101,2,2,98,3,29,77.69,97.03
CAD5117415.1,144,63,1,1,62,1,81,43.75,98.41
CAD5125079.1,365,44,2,3,38,6,321,12.05,86.36
CAD5125085.1,96,96,2,2,95,1,0,100.0,98.96
CAD5110919.1,589,577,1,1,577,0,12,97.96,100.0
CAD5110920.1,273,273,1,1,273,0,0,100.0,100.0
CAD5110942.1,204,171,2,2,166,5,33,83.82,97.08
CAD5117952.1,1097,538,1,1,536,2,559,49.04,99.63
CAD5117942.1,314,276,1,1,275,1,38,87.9,99.64
CAD5117929.1,275,63,2,2,61,2,212,22.91,96.83
CAD5114667.1,632,304,1,1,300,4,328,48.1,98.68
CAD5117218.1,768,454,1,1,453,1,314,59.11,99.78
CAD5117214.1,560,373,1,1,373,0,187,66.61,100.0
CAD5117216.1,427,229,1,1,228,1,198,53.63,99.56
CAD5117217.1,429,102,1,1,102,0,327,23.78,100.0
CAD5121231.1,499,212,1,1,212,0,287,42.48,100.0
CAD5121242.1,337,74,2,5,63,11,263,21.96,85.14
CAD5114850.1,1075,365,4,9,359,6,710,33.95,98.36
CAD5112044.1,913,149,5,8,148,1,764,16.32,99.33
CAD5122529.1,218,67,2,3,67,0,151,30.73,100.0
CAD5113257.1,285,192,1,1,192,0,93,67.37,100.0
CAD5113255.1,179,128,1,2,128,0,51,71.51,100.0
CAD5113252.1,276,158,3,2,154,4,118,57.25,97.47
CAD5113253.1,181,63,1,1,63,0,118,34.81,100.0
CAD5121212.1,577,423,1,1,423,0,154,73.31,100.0
CAD5114657.1,154,67,1,1,67,0,87,43.51,100.0
CAD5123345.1,410,49,1,1,49,0,361,11.95,100.0
CAD5124933.1,548,426,2,3,416,10,122,77.74,97.65
CAD5123037.1,1025,136,1,1,134,2,889,13.27,98.53
CAD5123031.1,204,38,1,1,36,2,166,18.63,94.74
CAD5118777.1,891,156,1,2,155,1,735,17.51,99.36
CAD5118779.1,427,316,1,1,316,0,111,74.0,100.0
CAD5118757.1,590,331,1,1,331,0,259,56.1,100.0
CAD5118768.1,349,200,1,1,200,0,149,57.31,100.0
CAD5118780.1,461,182,1,1,179,3,279,39.48,98.35
CAD5118756.1,320,179,1,1,179,0,141,55.94,100.0
CAD5118755.1,249,150,1,1,150,0,99,60.24,100.0
CAD5123211.1,505,493,1,2,493,0,12,97.62,100.0
CAD5123844.1,638,110,3,3,104,6,528,17.24,94.55
CAD5123854.1,300,140,1,1,138,2,160,46.67,98.57
CAD5120439.1,550,164,2,2,162,2,386,29.82,98.78
CAD5120449.1,479,110,1,1,110,0,369,22.96,100.0
CAD5120451.1,273,159,1,1,158,1,114,58.24,99.37
CAD5120450.1,119,98,1,1,98,0,21,82.35,100.0
CAD5120441.1,183,44,1,1,44,0,139,24.04,100.0
CAD5119291.1,939,595,1,1,590,5,344,63.37,99.16
CAD5119026.1,1020,893,1,6,892,1,127,87.55,99.89
CAD5123271.1,207,198,1,2,198,0,9,95.65,100.0
CAD5124618.1,138,119,1,2,119,0,19,86.23,100.0
CAD5119251.1,650,246,1,1,246,0,404,37.85,100.0
CAD5119248.1,198,198,1,1,198,0,0,100.0,100.0
CAD5119247.1,116,90,1,1,90,0,26,77.59,100.0
CAD5121465.1,492,276,1,1,275,1,216,56.1,99.64
CAD5121461.1,716,272,3,7,269,3,444,37.99,98.9
CAD5110953.1,359,257,1,2,257,0,102,71.59,100.0
CAD5123772.1,420,209,4,4,209,0,211,49.76,100.0
CAD5120511.1,311,311,1,1,311,0,0,100.0,100.0
CAD5123397.1,283,283,1,1,283,0,0,100.0,100.0
CAD5116410.1,897,113,1,1,113,0,784,12.6,100.0
CAD5116400.1,885,460,1,1,460,0,425,51.98,100.0
CAD5116412.1,419,74,1,2,74,0,345,17.66,100.0
CAD5116155.1,872,559,3,5,550,9,313,64.11,98.39
CAD5115704.1,156,83,1,1,83,0,73,53.21,100.0
CAD5114380.1,369,72,1,1,72,0,297,19.51,100.0
CAD5116077.1,473,172,1,1,172,0,301,36.36,100.0
CAD5111985.1,732,265,2,2,265,0,467,36.2,100.0
CAD5116158.1,1360,350,1,3,347,3,1010,25.74,99.14
CAD5116143.1,194,186,1,1,186,0,8,95.88,100.0
CAD5112266.1,588,386,1,1,385,1,202,65.65,99.74
CAD5111662.1,185,185,1,2,185,0,0,100.0,100.0
CAD5111660.1,230,157,1,1,157,0,73,68.26,100.0
CAD5112333.1,306,202,2,2,196,6,104,66.01,97.03
CAD5123313.1,510,510,1,1,510,0,0,100.0,100.0
CAD5118876.1,252,162,1,1,162,0,90,64.29,100.0
CAD5116258.1,428,166,1,1,166,0,262,38.79,100.0
CAD5116257.1,223,201,1,2,199,2,22,90.13,99.0
CAD5115375.1,2295,465,4,5,457,8,1830,20.26,98.28
CAD5118715.1,592,351,1,1,351,0,241,59.29,100.0
CAD5110960.1,351,45,2,2,34,11,306,12.82,75.56
CAD5123203.1,216,103,1,1,103,0,113,47.69,100.0
CAD5123297.1,261,124,7,8,118,6,137,47.51,95.16
CAD5116960.1,515,175,1,1,173,2,340,33.98,98.86
CAD5118490.1,634,67,1,1,67,0,567,10.57,100.0
CAD5118480.1,576,204,1,1,204,0,372,35.42,100.0
CAD5118476.1,202,77,1,1,75,2,125,38.12,97.4
CAD5116692.1,549,84,1,1,84,0,465,15.3,100.0
CAD5116693.1,124,124,1,1,124,0,0,100.0,100.0
CAD5116307.1,2748,544,10,11,534,10,2204,19.8,98.16
CAD5116314.1,142,78,1,1,78,0,64,54.93,100.0
CAD5111361.1,684,272,1,1,270,2,412,39.77,99.26
CAD5116760.1,322,322,1,1,322,0,0,100.0,100.0
CAD5116762.1,166,166,1,1,166,0,0,100.0,100.0
CAD5118679.1,171,102,1,1,102,0,69,59.65,100.0
CAD5118662.1,246,105,1,1,105,0,141,42.68,100.0
CAD5120403.1,355,72,3,4,67,5,283,20.28,93.06
CAD5125635.1,473,135,1,1,135,0,338,28.54,100.0
CAD5125634.1,151,125,1,1,125,0,26,82.78,100.0
CAD5125631.1,148,58,1,1,53,5,90,39.19,91.38
CAD5111406.1,679,159,1,1,157,2,520,23.42,98.74
CAD5111408.1,323,146,1,1,146,0,177,45.2,100.0
CAD5111396.1,197,87,1,1,86,1,110,44.16,98.85
CAD5111395.1,251,84,1,1,84,0,167,33.47,100.0
CAD5112178.1,504,61,3,3,57,4,443,12.1,93.44
CAD5112387.1,234,184,1,1,184,0,50,78.63,100.0
CAD5112377.1,361,154,1,1,154,0,207,42.66,100.0
CAD5118700.1,347,68,2,2,68,0,279,19.6,100.0
CAD5119795.1,687,333,1,5,333,0,354,48.47,100.0
CAD5124215.1,785,453,1,1,453,0,332,57.71,100.0
CAD5124198.1,538,219,1,1,219,0,319,40.71,100.0
CAD5124206.1,203,105,1,1,105,0,98,51.72,100.0
CAD5124197.1,132,100,1,1,100,0,32,75.76,100.0
CAD5124207.1,265,56,1,2,56,0,209,21.13,100.0
CAD5122850.1,294,290,1,2,290,0,4,98.64,100.0
CAD5122076.1,153,67,2,2,66,1,86,43.79,98.51
CAD5117832.1,311,147,2,2,143,4,164,47.27,97.28
CAD5113273.1,329,116,1,1,116,0,213,35.26,100.0
CAD5115789.1,950,213,1,1,211,2,737,22.42,99.06
CAD5115786.1,1125,319,1,1,318,1,806,28.36,99.69
CAD5115791.1,293,205,1,1,205,0,88,69.97,100.0
CAD5115773.1,408,160,1,1,160,0,248,39.22,100.0
CAD5115772.1,145,52,1,1,52,0,93,35.86,100.0
CAD5120312.1,430,194,1,1,194,0,236,45.12,100.0
CAD5120294.1,259,106,1,1,106,0,153,40.93,100.0
CAD5114222.1,436,85,4,3,57,28,351,19.5,67.06
CAD5114336.1,1015,398,1,1,398,0,617,39.21,100.0
CAD5114335.1,425,355,1,1,354,1,70,83.53,99.72
CAD5114331.1,650,224,3,2,221,3,426,34.46,98.66
CAD5122995.1,249,239,1,3,239,0,10,95.98,100.0
CAD5115916.1,657,179,1,1,173,6,478,27.25,96.65
CAD5115923.1,775,177,3,2,175,2,598,22.84,98.87
CAD5115920.1,640,237,1,2,236,1,403,37.03,99.58
CAD5115914.1,175,97,1,1,96,1,78,55.43,98.97
CAD5116640.1,340,131,1,2,131,0,209,38.53,100.0
CAD5113633.1,786,325,9,8,322,3,461,41.35,99.08
CAD5113628.1,186,54,1,1,53,1,132,29.03,98.15
CAD5116611.1,382,256,1,1,256,0,126,67.02,100.0
CAD5116613.1,293,195,1,1,195,0,98,66.55,100.0
CAD5122098.1,816,161,1,1,158,3,655,19.73,98.14
CAD5122110.1,176,82,1,1,82,0,94,46.59,100.0
CAD5124368.1,807,382,3,3,368,14,425,47.34,96.34
CAD5124365.1,213,63,1,1,63,0,150,29.58,100.0
CAD5112013.1,301,301,1,1,301,0,0,100.0,100.0
CAD5112016.1,315,138,1,1,138,0,177,43.81,100.0
CAD5112024.1,278,55,3,3,52,3,223,19.78,94.55
CAD5115060.1,313,99,1,2,99,0,214,31.63,100.0
CAD5119009.1,435,64,1,1,64,0,371,14.71,100.0
CAD5123165.1,979,725,2,3,725,0,254,74.06,100.0
CAD5123157.1,354,354,1,1,354,0,0,100.0,100.0
CAD5123158.1,142,94,2,2,94,0,48,66.2,100.0
CAD5116211.1,666,666,1,1,666,0,0,100.0,100.0
CAD5116208.1,569,393,1,1,392,1,176,69.07,99.75
CAD5122829.1,249,125,2,2,125,0,124,50.2,100.0
CAD5112617.1,2359,2174,1,2,2174,0,185,92.16,100.0
CAD5115211.1,1059,98,1,1,95,3,961,9.25,96.94
CAD5115208.1,226,173,1,1,173,0,53,76.55,100.0
CAD5122791.1,183,183,1,1,183,0,0,100.0,100.0
CAD5117270.1,415,415,1,6,415,0,0,100.0,100.0
CAD5117264.1,493,96,1,1,96,0,397,19.47,100.0
CAD5117280.1,298,63,1,1,61,2,235,21.14,96.83
CAD5112563.1,129,60,1,1,60,0,69,46.51,100.0
CAD5114286.1,306,203,1,1,201,2,103,66.34,99.01
CAD5111007.1,302,302,1,1,302,0,0,100.0,100.0
CAD5111009.1,172,106,1,1,106,0,66,61.63,100.0
CAD5119920.1,1145,152,2,2,152,0,993,13.28,100.0
CAD5119918.1,177,69,1,1,64,5,108,38.98,92.75
CAD5119062.1,479,373,1,2,373,0,106,77.87,100.0
CAD5119074.1,382,274,1,1,274,0,108,71.73,100.0
CAD5115876.1,321,321,1,1,321,0,0,100.0,100.0
CAD5113651.1,262,103,1,2,101,2,159,39.31,98.06
CAD5121766.1,361,187,1,1,187,0,174,51.8,100.0
CAD5121773.1,240,145,1,1,145,0,95,60.42,100.0
CAD5121771.1,340,87,1,1,86,1,253,25.59,98.85
CAD5121767.1,150,54,1,1,54,0,96,36.0,100.0
CAD5121764.1,178,85,3,2,85,0,93,47.75,100.0
CAD5111201.1,92,92,1,2,91,1,0,100.0,98.91
CAD5115067.1,717,68,1,1,65,3,649,9.48,95.59
CAD5111065.1,350,350,1,1,350,0,0,100.0,100.0
CAD5111054.1,226,156,1,2,156,0,70,69.03,100.0
CAD5116340.1,326,147,1,1,145,2,179,45.09,98.64
CAD5114890.1,332,223,1,1,222,1,109,67.17,99.55
CAD5114895.1,825,462,2,2,462,0,363,56.0,100.0
CAD5115647.1,352,300,1,2,300,0,52,85.23,100.0
CAD5113232.1,241,209,1,1,208,1,32,86.72,99.52
CAD5113233.1,389,50,2,2,49,1,339,12.85,98.0
CAD5123617.1,116,116,1,1,116,0,0,100.0,100.0
CAD5122125.1,184,117,1,1,115,2,67,63.59,98.29
CAD5110972.1,1256,355,1,3,354,1,901,28.26,99.72
CAD5110963.1,277,225,1,1,225,0,52,81.23,100.0
CAD5115631.1,485,485,1,1,485,0,0,100.0,100.0
CAD5115638.1,396,190,1,1,190,0,206,47.98,100.0
CAD5123797.1,1708,132,1,1,130,2,1576,7.73,98.48
CAD5116977.1,576,456,1,1,455,1,120,79.17,99.78
CAD5116980.1,260,117,1,1,117,0,143,45.0,100.0
CAD5116572.1,821,359,1,1,355,4,462,43.73,98.89
CAD5116579.1,239,33,1,1,33,0,206,13.81,100.0
CAD5116359.1,656,233,1,1,233,0,423,35.52,100.0
CAD5119145.1,785,312,1,1,312,0,473,39.75,100.0
CAD5120891.1,165,150,1,1,150,0,15,90.91,100.0
CAD5113322.1,270,148,1,1,148,0,122,54.81,100.0
CAD5125240.1,801,137,1,1,137,0,664,17.1,100.0
CAD5125222.1,174,156,1,1,156,0,18,89.66,100.0
CAD5125239.1,128,50,1,1,50,0,78,39.06,100.0
CAD5116030.1,758,148,1,3,147,1,610,19.53,99.32
CAD5111315.1,764,586,1,2,586,0,178,76.7,100.0
CAD5122089.1,611,383,1,1,383,0,228,62.68,100.0
CAD5111354.1,299,299,1,1,299,0,0,100.0,100.0
CAD5111356.1,618,37,2,2,34,3,581,5.99,91.89
CAD5111355.1,180,90,1,1,90,0,90,50.0,100.0
CAD5118568.1,494,494,1,2,493,1,0,100.0,99.8
CAD5124229.1,165,124,1,1,124,0,41,75.15,100.0
CAD5116050.1,124,59,1,1,59,0,65,47.58,100.0
CAD5123771.1,361,287,1,1,286,1,74,79.5,99.65
CAD5122875.1,327,278,1,4,278,0,49,85.02,100.0
CAD5116724.1,442,260,1,2,260,0,182,58.82,100.0
CAD5116730.1,271,82,1,1,82,0,189,30.26,100.0
CAD5120423.1,910,729,1,2,729,0,181,80.11,100.0
CAD5120422.1,189,122,1,1,122,0,67,64.55,100.0
CAD5112064.1,597,209,1,1,209,0,388,35.01,100.0
CAD5111187.1,205,65,1,1,65,0,140,31.71,100.0
CAD5118260.1,180,180,1,4,180,0,0,100.0,100.0
CAD5119312.1,152,125,1,3,125,0,27,82.24,100.0
CAD5121837.1,195,195,1,1,195,0,0,100.0,100.0
CAD5112582.1,294,158,1,4,156,2,136,53.74,98.73
CAD5112588.1,137,85,1,1,85,0,52,62.04,100.0
CAD5112589.1,123,78,1,1,78,0,45,63.41,100.0
CAD5122003.1,163,79,1,1,79,0,84,48.47,100.0
CAD5123818.1,726,726,1,1,726,0,0,100.0,100.0
CAD5123826.1,716,158,1,1,158,0,558,22.07,100.0
CAD5123814.1,347,141,1,1,141,0,206,40.63,100.0
CAD5112992.1,779,219,4,7,194,25,560,28.11,88.58
CAD5112988.1,222,199,1,1,199,0,23,89.64,100.0
CAD5123869.1,145,65,1,1,65,0,80,44.83,100.0
CAD5123863.1,1022,608,2,2,608,0,414,59.49,100.0
CAD5122838.1,1503,870,3,3,867,3,633,57.88,99.66
CAD5122823.1,165,165,1,1,165,0,0,100.0,100.0
CAD5117092.1,1168,211,1,1,210,1,957,18.07,99.53
CAD5120345.1,598,329,1,1,329,0,269,55.02,100.0
CAD5120341.1,191,106,1,1,106,0,85,55.5,100.0
CAD5121495.1,611,476,1,1,476,0,135,77.91,100.0
CAD5121483.1,302,46,1,1,46,0,256,15.23,100.0
CAD5118321.1,1074,296,1,1,295,1,778,27.56,99.66
CAD5118322.1,273,144,1,1,144,0,129,52.75,100.0
CAD5123282.1,222,102,1,1,102,0,120,45.95,100.0
CAD5111425.1,183,80,1,2,77,3,103,43.72,96.25
CAD5113869.1,294,89,1,2,89,0,205,30.27,100.0
CAD5115408.1,399,184,1,1,184,0,215,46.12,100.0
CAD5112461.1,741,319,1,1,318,1,422,43.05,99.69
CAD5111996.1,669,501,1,1,501,0,168,74.89,100.0
CAD5111990.1,208,208,1,1,208,0,0,100.0,100.0
CAD5116656.1,503,254,1,1,254,0,249,50.5,100.0
CAD5116664.1,210,210,1,1,210,0,0,100.0,100.0
CAD5116662.1,280,127,1,1,127,0,153,45.36,100.0
CAD5117285.1,506,248,1,1,248,0,258,49.01,100.0
CAD5117300.1,614,213,1,1,213,0,401,34.69,100.0
CAD5124119.1,214,214,1,3,214,0,0,100.0,100.0
CAD5125655.1,615,329,1,1,329,0,286,53.5,100.0
CAD5125658.1,633,262,2,2,259,3,371,41.39,98.85
CAD5118942.1,808,544,1,1,544,0,264,67.33,100.0
CAD5118941.1,829,266,1,1,266,0,563,32.09,100.0
CAD5113650.1,405,33,1,1,33,0,372,8.15,100.0
CAD5114715.1,143,133,1,1,133,0,10,93.01,100.0
CAD5122490.1,507,337,1,2,337,0,170,66.47,100.0
CAD5121595.1,328,175,1,2,175,0,153,53.35,100.0
CAD5111900.1,386,309,1,1,309,0,77,80.05,100.0
CAD5116868.1,682,381,3,3,377,4,301,55.87,98.95
CAD5116866.1,130,130,1,1,130,0,0,100.0,100.0
CAD5112635.1,572,572,1,1,572,0,0,100.0,100.0
CAD5111376.1,254,254,1,2,254,0,0,100.0,100.0
CAD5115610.1,673,150,4,4,147,3,523,22.29,98.0
CAD5115611.1,260,151,1,1,151,0,109,58.08,100.0
CAD5121936.1,292,279,1,2,279,0,13,95.55,100.0
CAD5114917.1,307,137,1,1,136,1,170,44.63,99.27
CAD5113545.1,485,56,5,3,48,8,429,11.55,85.71
CAD5115769.1,229,229,1,1,229,0,0,100.0,100.0
CAD5115766.1,228,128,1,1,128,0,100,56.14,100.0
CAD5113556.1,224,134,1,1,134,0,90,59.82,100.0
CAD5113553.1,152,115,1,1,115,0,37,75.66,100.0
CAD5120963.1,146,146,1,2,146,0,0,100.0,100.0
CAD5121627.1,373,254,1,1,254,0,119,68.1,100.0
CAD5121635.1,405,206,1,3,205,1,199,50.86,99.51
CAD5111412.1,229,210,1,1,210,0,19,91.7,100.0
CAD5111421.1,341,56,1,1,55,1,285,16.42,98.21
CAD5111417.1,247,129,1,1,129,0,118,52.23,100.0
CAD5110815.1,157,119,1,1,119,0,38,75.8,100.0
CAD5121546.1,252,136,2,2,130,6,116,53.97,95.59
CAD5120580.1,311,179,1,1,177,2,132,57.56,98.88
CAD5120577.1,328,81,1,1,81,0,247,24.7,100.0
CAD5116115.1,702,515,1,3,514,1,187,73.36,99.81
CAD5116876.1,187,187,1,1,187,0,0,100.0,100.0
CAD5116873.1,110,90,1,1,90,0,20,81.82,100.0
CAD5116884.1,165,70,1,1,70,0,95,42.42,100.0
CAD5123244.1,1105,351,1,1,349,2,754,31.76,99.43
CAD5117675.1,455,455,1,1,455,0,0,100.0,100.0
CAD5111449.1,478,214,1,1,214,0,264,44.77,100.0
CAD5119935.1,77,58,1,2,58,0,19,75.32,100.0
CAD5112832.1,265,245,1,1,245,0,20,92.45,100.0
CAD5115861.1,378,282,1,4,282,0,96,74.6,100.0
CAD5115855.1,268,146,1,1,145,1,122,54.48,99.32
CAD5123732.1,528,204,1,1,204,0,324,38.64,100.0
CAD5120395.1,420,382,1,1,382,0,38,90.95,100.0
CAD5120398.1,428,221,1,1,221,0,207,51.64,100.0
CAD5122569.1,144,69,1,1,69,0,75,47.92,100.0
CAD5119821.1,214,133,1,2,133,0,81,62.15,100.0
CAD5120591.1,394,203,1,1,203,0,191,51.52,100.0
CAD5120595.1,401,91,1,1,86,5,310,22.69,94.51
CAD5120590.1,126,70,1,1,70,0,56,55.56,100.0
CAD5115553.1,388,152,1,1,152,0,236,39.18,100.0
CAD5111318.1,378,54,2,2,49,5,324,14.29,90.74
CAD5115950.1,284,220,1,1,220,0,64,77.46,100.0
CAD5124183.1,285,140,1,1,139,1,145,49.12,99.29
CAD5121343.1,400,151,1,1,148,3,249,37.75,98.01
CAD5121342.1,250,114,1,1,113,1,136,45.6,99.12
CAD5118522.1,102,48,1,1,48,0,54,47.06,100.0
CAD5115011.1,289,119,1,1,119,0,170,41.18,100.0
CAD5119236.1,185,109,1,1,108,1,76,58.92,99.08
CAD5111944.1,112,44,1,1,44,0,68,39.29,100.0
CAD5111379.1,504,504,1,1,504,0,0,100.0,100.0
CAD5111375.1,318,98,1,1,96,2,220,30.82,97.96
CAD5111027.1,1329,1067,1,1,1066,1,262,80.29,99.91
CAD5111021.1,395,93,1,1,92,1,302,23.54,98.92
CAD5114241.1,886,410,1,1,410,0,476,46.28,100.0
CAD5123427.1,312,49,1,1,47,2,263,15.71,95.92
CAD5123298.1,376,162,1,1,162,0,214,43.09,100.0
CAD5123300.1,294,61,1,1,61,0,233,20.75,100.0
CAD5119820.1,366,359,1,1,359,0,7,98.09,100.0
CAD5119816.1,416,158,1,1,158,0,258,37.98,100.0
CAD5111603.1,207,119,1,1,119,0,88,57.49,100.0
CAD5111606.1,145,108,1,1,108,0,37,74.48,100.0
CAD5112078.1,327,213,3,3,211,2,114,65.14,99.06
CAD5123122.1,235,92,1,1,92,0,143,39.15,100.0
CAD5113001.1,197,164,1,1,163,1,33,83.25,99.39
CAD5112218.1,228,149,1,1,149,0,79,65.35,100.0
CAD5120916.1,471,338,1,1,338,0,133,71.76,100.0
CAD5120917.1,264,109,1,1,109,0,155,41.29,100.0
CAD5117727.1,238,189,1,1,188,1,49,79.41,99.47
CAD5114742.1,1229,392,1,1,390,2,837,31.9,99.49
CAD5118010.1,487,124,1,1,120,4,363,25.46,96.77
CAD5113916.1,385,147,1,1,147,0,238,38.18,100.0
CAD5122439.1,1139,881,4,4,880,1,258,77.35,99.89
CAD5122435.1,192,80,1,1,80,0,112,41.67,100.0
CAD5121021.1,273,133,1,1,133,0,140,48.72,100.0
CAD5121032.1,182,102,2,2,102,0,80,56.04,100.0
CAD5122949.1,220,70,1,1,70,0,150,31.82,100.0
CAD5122946.1,240,110,1,1,110,0,130,45.83,100.0
CAD5125148.1,415,108,1,1,106,2,307,26.02,98.15
CAD5125146.1,250,145,1,1,145,0,105,58.0,100.0
CAD5112147.1,354,71,1,1,71,0,283,20.06,100.0
CAD5117818.1,507,368,1,1,368,0,139,72.58,100.0
CAD5117823.1,173,105,1,1,105,0,68,60.69,100.0
CAD5119749.1,618,249,1,1,249,0,369,40.29,100.0
CAD5119755.1,297,129,1,1,127,2,168,43.43,98.45
CAD5116586.1,244,180,1,3,178,2,64,73.77,98.89
CAD5125598.1,413,413,2,2,413,0,0,100.0,100.0
CAD5125596.1,163,108,1,1,108,0,55,66.26,100.0
CAD5112983.1,602,245,1,1,238,7,357,40.7,97.14
CAD5114405.1,515,181,1,1,180,1,334,35.15,99.45
CAD5114412.1,201,78,1,1,77,1,123,38.81,98.72
CAD5122417.1,412,80,1,1,80,0,332,19.42,100.0
CAD5124425.1,280,280,1,1,280,0,0,100.0,100.0
CAD5122402.1,397,192,1,1,192,0,205,48.36,100.0
CAD5121585.1,581,423,1,1,423,0,158,72.81,100.0
CAD5112755.1,131,131,1,1,131,0,0,100.0,100.0
CAD5117048.1,265,265,1,1,265,0,0,100.0,100.0
CAD5120379.1,302,134,1,2,133,1,168,44.37,99.25
CAD5120378.1,325,99,1,1,97,2,226,30.46,97.98
CAD5116033.1,425,168,1,1,167,1,257,39.53,99.4
CAD5113383.1,162,86,1,1,86,0,76,53.09,100.0
CAD5116109.1,1170,179,1,4,172,7,991,15.3,96.09
CAD5116487.1,597,313,1,2,309,4,284,52.43,98.72
CAD5111440.1,606,49,2,2,49,0,557,8.09,100.0
CAD5123722.1,395,395,1,2,395,0,0,100.0,100.0
CAD5123718.1,521,218,1,1,218,0,303,41.84,100.0
CAD5122539.1,202,156,1,1,155,1,46,77.23,99.36
CAD5122540.1,137,137,1,1,137,0,0,100.0,100.0
CAD5121714.1,533,419,1,1,419,0,114,78.61,100.0
CAD5117339.1,239,181,1,1,181,0,58,75.73,100.0
CAD5120935.1,686,243,1,1,240,3,443,35.42,98.77
CAD5118736.1,390,375,1,1,375,0,15,96.15,100.0
CAD5118747.1,143,125,1,2,120,5,18,87.41,96.0
CAD5125109.1,325,206,1,1,205,1,119,63.38,99.51
CAD5117654.1,481,429,1,2,428,1,52,89.19,99.77
CAD5125155.1,396,262,1,1,261,1,134,66.16,99.62
CAD5125158.1,766,372,1,1,368,4,394,48.56,98.92
CAD5125157.1,332,184,1,1,184,0,148,55.42,100.0
CAD5124098.1,309,185,2,3,185,0,124,59.87,100.0
CAD5118790.1,739,272,1,1,272,0,467,36.81,100.0
CAD5117829.1,901,226,1,1,226,0,675,25.08,100.0
CAD5117830.1,460,230,1,1,230,0,230,50.0,100.0
CAD5114679.1,305,81,1,1,78,3,224,26.56,96.3
CAD5112073.1,300,300,1,1,300,0,0,100.0,100.0
CAD5112074.1,383,101,1,1,101,0,282,26.37,100.0
CAD5117428.1,301,268,1,1,268,0,33,89.04,100.0
CAD5119382.1,530,381,1,1,381,0,149,71.89,100.0
CAD5117622.1,223,115,1,1,115,0,108,51.57,100.0
CAD5123366.1,1436,238,1,1,232,6,1198,16.57,97.48
CAD5123370.1,270,90,1,1,90,0,180,33.33,100.0
CAD5119082.1,737,211,1,1,210,1,526,28.63,99.53
CAD5111214.1,338,111,1,2,111,0,227,32.84,100.0
CAD5112596.1,351,238,1,1,238,0,113,67.81,100.0
CAD5115891.1,1410,246,1,1,242,4,1164,17.45,98.37
CAD5114734.1,156,80,1,1,79,1,76,51.28,98.75
CAD5121820.1,374,255,1,1,255,0,119,68.18,100.0
CAD5122814.1,294,182,1,1,181,1,112,61.9,99.45
CAD5122822.1,406,156,1,1,156,0,250,38.42,100.0
CAD5122818.1,550,200,2,3,158,42,350,36.36,79.0
CAD5116329.1,292,246,1,1,246,0,46,84.25,100.0
CAD5116327.1,185,185,1,1,185,0,0,100.0,100.0
CAD5116325.1,281,77,1,1,77,0,204,27.4,100.0
CAD5122151.1,354,196,2,2,195,1,158,55.37,99.49
CAD5116895.1,394,394,1,1,394,0,0,100.0,100.0
CAD5116897.1,145,72,1,1,72,0,73,49.66,100.0
CAD5120330.1,502,193,1,1,193,0,309,38.45,100.0
CAD5119378.1,2151,1987,1,1,1984,3,164,92.38,99.85
CAD5120368.1,158,145,1,1,145,0,13,91.77,100.0
CAD5119860.1,392,201,1,1,200,1,191,51.28,99.5
CAD5123833.1,188,156,1,1,156,0,32,82.98,100.0
CAD5123837.1,183,78,1,1,78,0,105,42.62,100.0
CAD5118796.1,344,114,1,1,112,2,230,33.14,98.25
CAD5120320.1,596,89,1,1,89,0,507,14.93,100.0
CAD5123135.1,125,125,1,1,125,0,0,100.0,100.0
CAD5123084.1,453,175,1,1,175,0,278,38.63,100.0
CAD5123083.1,560,223,1,1,223,0,337,39.82,100.0
CAD5110907.1,404,157,1,1,156,1,247,38.86,99.36
CAD5122348.1,494,165,3,2,163,2,329,33.4,98.79
CAD5116681.1,512,512,1,1,512,0,0,100.0,100.0
CAD5117687.1,488,337,1,1,337,0,151,69.06,100.0
CAD5125639.1,335,265,1,1,265,0,70,79.1,100.0
CAD5116444.1,122,77,1,1,77,0,45,63.11,100.0
CAD5118222.1,1112,210,1,1,210,0,902,18.88,100.0
CAD5124380.1,307,254,1,1,254,0,53,82.74,100.0
CAD5111458.1,463,163,1,1,163,0,300,35.21,100.0
CAD5114180.1,104,104,1,2,104,0,0,100.0,100.0
CAD5119162.1,381,381,1,1,381,0,0,100.0,100.0
CAD5112088.1,312,237,1,2,237,0,75,75.96,100.0
CAD5111978.1,304,128,1,1,128,0,176,42.11,100.0
CAD5117479.1,650,275,1,1,271,4,375,42.31,98.55
CAD5110901.1,192,192,1,1,192,0,0,100.0,100.0
CAD5113579.1,198,163,1,1,163,0,35,82.32,100.0
CAD5110728.1,1041,731,1,1,730,1,310,70.22,99.86
CAD5110729.1,141,55,1,1,55,0,86,39.01,100.0
CAD5113215.1,368,216,1,1,216,0,152,58.7,100.0
CAD5123061.1,208,208,1,1,208,0,0,100.0,100.0
CAD5119744.1,455,70,1,1,70,0,385,15.38,100.0
CAD5123068.1,546,180,1,1,180,0,366,32.97,100.0
CAD5123069.1,441,164,1,1,164,0,277,37.19,100.0
CAD5123808.1,681,173,1,1,173,0,508,25.4,100.0
CAD5125354.1,369,147,2,2,145,2,222,39.84,98.64
CAD5114880.1,280,178,1,1,178,0,102,63.57,100.0
CAD5113531.1,1167,469,1,1,467,2,698,40.19,99.57
CAD5112042.1,412,412,1,2,412,0,0,100.0,100.0
CAD5112043.1,662,123,1,1,123,0,539,18.58,100.0
CAD5123255.1,125,101,1,1,100,1,24,80.8,99.01
CAD5117252.1,856,333,1,1,333,0,523,38.9,100.0
CAD5117257.1,156,156,1,1,156,0,0,100.0,100.0
CAD5117697.1,330,187,1,1,184,3,143,56.67,98.4
CAD5116237.1,440,127,1,1,126,1,313,28.86,99.21
CAD5122161.1,505,400,1,2,400,0,105,79.21,100.0
CAD5122154.1,354,299,1,1,299,0,55,84.46,100.0
CAD5122957.1,239,239,1,1,239,0,0,100.0,100.0
CAD5120354.1,161,161,1,1,161,0,0,100.0,100.0
CAD5122423.1,399,312,1,1,312,0,87,78.2,100.0
CAD5114484.1,585,585,1,1,585,0,0,100.0,100.0
CAD5114481.1,255,183,1,1,183,0,72,71.76,100.0
CAD5120999.1,1054,535,1,1,533,2,519,50.76,99.63
CAD5117646.1,328,328,1,1,328,0,0,100.0,100.0
CAD5117833.1,1232,732,1,1,725,7,500,59.42,99.04
CAD5117757.1,363,363,1,1,363,0,0,100.0,100.0
CAD5119954.1,430,313,1,1,313,0,117,72.79,100.0
CAD5120006.1,189,157,1,1,157,0,32,83.07,100.0
CAD5114542.1,293,194,1,1,194,0,99,66.21,100.0
CAD5125678.1,856,185,1,1,183,2,671,21.61,98.92
CAD5126108.1,175,158,1,1,158,0,17,90.29,100.0
CAD5117662.1,332,180,1,2,179,1,152,54.22,99.44
CAD5115389.1,529,209,1,1,209,0,320,39.51,100.0
CAD5126013.1,352,201,1,1,201,0,151,57.1,100.0
CAD5117469.1,296,296,1,1,296,0,0,100.0,100.0
CAD5116484.1,105,105,1,1,105,0,0,100.0,100.0
CAD5121738.1,199,63,1,1,63,0,136,31.66,100.0
CAD5118944.1,807,479,1,1,479,0,328,59.36,100.0
CAD5123229.1,791,219,1,2,217,2,572,27.69,99.09
CAD5114442.1,605,341,1,1,341,0,264,56.36,100.0
CAD5121591.1,654,111,1,1,111,0,543,16.97,100.0
CAD5115440.1,658,303,1,1,303,0,355,46.05,100.0
CAD5118120.1,331,288,1,1,288,0,43,87.01,100.0
CAD5115152.1,260,260,1,1,260,0,0,100.0,100.0
CAD5119600.1,292,292,1,1,292,0,0,100.0,100.0
CAD5118305.1,409,268,1,1,268,0,141,65.53,100.0
CAD5120428.1,1321,395,1,1,395,0,926,29.9,100.0
CAD5124897.1,262,40,1,1,39,1,222,15.27,97.5
CAD5110720.1,264,107,1,1,107,0,157,40.53,100.0
CAD5121442.1,139,122,1,4,122,0,17,87.77,100.0
CAD5123100.1,511,210,1,1,210,0,301,41.1,100.0
CAD5120756.1,276,166,1,1,166,0,110,60.14,100.0
CAD5118240.1,196,75,1,1,75,0,121,38.27,100.0
CAD5114843.1,593,356,1,1,356,0,237,60.03,100.0
CAD5117378.1,239,206,1,1,206,0,33,86.19,100.0
CAD5112541.1,400,111,2,2,111,0,289,27.75,100.0
CAD5123462.1,315,167,1,1,166,1,148,53.02,99.4
CAD5121047.1,326,166,1,1,166,0,160,50.92,100.0
CAD5121943.1,420,206,1,1,206,0,214,49.05,100.0
CAD5121941.1,293,124,1,1,124,0,169,42.32,100.0
CAD5120031.1,243,113,1,1,113,0,130,46.5,100.0
CAD5124875.1,708,115,1,1,113,2,593,16.24,98.26
CAD5115431.1,546,290,1,1,289,1,256,53.11,99.66
CAD5118619.1,337,337,1,1,337,0,0,100.0,100.0
CAD5115107.1,415,82,1,1,81,1,333,19.76,98.78
CAD5120869.1,294,54,3,3,54,0,240,18.37,100.0
CAD5121278.1,335,174,1,1,171,3,161,51.94,98.28
CAD5112038.1,191,106,1,1,106,0,85,55.5,100.0
CAD5121583.1,315,132,1,1,131,1,183,41.9,99.24
CAD5119102.1,536,64,1,1,58,6,472,11.94,90.62
CAD5114861.1,931,318,1,1,318,0,613,34.16,100.0
CAD5117752.1,245,179,2,2,179,0,66,73.06,100.0
CAD5116016.1,104,104,1,1,103,1,0,100.0,99.04
CAD5113525.1,377,235,1,1,235,0,142,62.33,100.0
CAD5113526.1,183,96,1,1,95,1,87,52.46,98.96
CAD5124545.1,194,194,1,1,194,0,0,100.0,100.0
CAD5118279.1,222,127,1,1,127,0,95,57.21,100.0
CAD5119635.1,122,65,1,1,65,0,57,53.28,100.0
CAD5121996.1,366,366,1,1,366,0,0,100.0,100.0
CAD5125133.1,277,261,1,1,261,0,16,94.22,100.0
CAD5115624.1,302,151,1,1,151,0,151,50.0,100.0
CAD5119173.1,279,239,1,2,239,0,40,85.66,100.0
CAD5119175.1,116,55,1,1,55,0,61,47.41,100.0
CAD5118338.1,339,339,1,1,339,0,0,100.0,100.0
CAD5119584.1,434,263,1,1,263,0,171,60.6,100.0
CAD5118351.1,180,134,1,1,134,0,46,74.44,100.0
CAD5114505.1,333,127,1,4,125,2,206,38.14,98.43
CAD5119454.1,618,113,1,1,113,0,505,18.28,100.0
CAD5122925.1,595,117,2,2,116,1,478,19.66,99.15
CAD5125037.1,488,288,1,1,288,0,200,59.02,100.0
CAD5125578.1,322,42,1,1,42,0,280,13.04,100.0
CAD5117589.1,306,86,1,1,85,1,220,28.1,98.84
CAD5123443.1,178,136,1,1,136,0,42,76.4,100.0
CAD5113313.1,108,52,1,1,52,0,56,48.15,100.0
CAD5115571.1,717,521,1,1,521,0,196,72.66,100.0
CAD5115572.1,647,313,1,2,313,0,334,48.38,100.0
CAD5124600.1,119,61,1,1,61,0,58,51.26,100.0
CAD5121449.1,311,123,2,2,120,3,188,39.55,97.56
CAD5123045.1,368,159,1,1,158,1,209,43.21,99.37
CAD5112032.1,611,275,2,2,275,0,336,45.01,100.0
CAD5112224.1,440,217,1,1,217,0,223,49.32,100.0
CAD5121480.1,306,186,2,2,186,0,120,60.78,100.0
CAD5121509.1,127,118,1,1,118,0,9,92.91,100.0
CAD5114446.1,940,390,1,1,390,0,550,41.49,100.0
CAD5114660.1,442,119,1,1,119,0,323,26.92,100.0
CAD5122804.1,369,167,2,3,165,2,202,45.26,98.8
CAD5119370.1,250,250,1,1,250,0,0,100.0,100.0
CAD5118265.1,950,607,1,1,607,0,343,63.89,100.0
CAD5114795.1,141,58,1,1,57,1,83,41.13,98.28
CAD5123305.1,435,227,1,1,227,0,208,52.18,100.0
CAD5122457.1,219,67,1,1,66,1,152,30.59,98.51
CAD5125045.1,271,240,1,1,240,0,31,88.56,100.0
CAD5125753.1,306,150,1,1,150,0,156,49.02,100.0
CAD5113625.1,169,96,1,1,96,0,73,56.8,100.0
CAD5114958.1,137,116,1,1,116,0,21,84.67,100.0
CAD5114959.1,398,210,1,1,210,0,188,52.76,100.0
